,0,1,2
0,-57.6726880812,0.587144165433,-2.85132094366
1,-57.6726880812,0.587144165433,-2.85132094366
2,-57.6726880812,0.587144165433,-2.85132094366
3,-57.6726880812,0.587144165433,-2.85132094366
4,-57.6726880812,0.587144165433,-2.85132094366
5,-57.6726880812,0.587144165433,-2.85132094366
6,-57.6726880812,0.587144165433,-2.85132094366
7,-57.6726880812,0.587144165433,-2.85132094366
8,-57.6726880812,0.587144165433,-2.85132094366
9,-57.6726880812,0.587144165433,-2.85132094366
10,-52.6163247107,2.98800970624,-4.52463942286
11,-52.2186361882,-2.94781573569,-2.21650726957
12,-52.6553306806,0.699433212155,0.450596282895
13,-52.9506849946,-1.31670504831,-3.83791331759
14,-52.4945432349,0.463744278342,-5.69691280383
15,-55.7206175208,1.86418827115,-2.21214036293
16,-52.9506849946,-1.31670504831,-3.83791331759
17,-54.154533103,2.39881055381,-4.69359301236
18,-54.5885427271,-0.495578124828,-1.50617096705
19,-54.2296110301,1.27295959367,0.247411455567
20,-48.245586073,3.07987232949,-6.22178835898
21,-54.3017993377,1.25873634177,1.2487397504
22,-49.2968588573,4.50350334767,-1.6645096442
23,-45.7649586759,-0.461403001464,-9.08816536322
24,-52.8342217805,-0.891680083694,-2.30869708514
25,-52.0847266249,1.42043527404,1.11848168622
26,-47.9866480882,1.89182587866,-3.22253245665
27,-50.7930173815,0.667621495711,-0.0386845844853
28,-46.6540339325,4.50396460667,-6.09013087201
29,-49.799768078,-0.878066863265,-4.45249817611
30,-46.1078933673,3.60435862494,-0.99828424227
31,-49.9272572281,-2.80503056923,-0.872491917434
32,-46.9586766675,-3.5581420735,-3.62996282537
33,-45.0212186776,0.360000651722,-1.69623505818
34,-38.6554515413,-0.632382104948,-11.6918836016
35,-50.1704457629,4.64048031401,-3.12540574195
36,-48.1369160068,-4.17649835109,-0.41353375754
37,-47.1183709201,2.55864842959,1.68384677212
38,-44.001212717,-6.94336555924,-5.55618881648
39,-46.614294701,-5.26110033861,-2.66136268099
40,-34.0513159261,3.24990634827,-6.88854218663
41,-41.7064731303,5.58551920589,-8.36781165396
42,-39.6546802483,0.132904658489,-5.87758959284
43,-43.6622166723,0.493500084292,1.07403665683
44,-37.7410172128,9.67550478855,-7.22966100515
45,-44.644662291,2.65425375504,0.977614829107
46,-46.1556685595,5.99016535774,3.27998044627
47,-45.2664935264,-1.04871456179,1.54825206005
48,-43.2075838056,9.5117822757,-2.72349138777
49,-39.0111506441,-5.04395015854,-3.95145481861
50,-29.9342739708,0.731112685556,-7.57435843958
51,-36.4842911936,-11.3529960579,-3.93282464507
52,-33.1841105373,4.41458883976,-4.09663591153
53,-35.0862886494,2.76094666549,-3.85928675027
54,-38.591517089,-7.10426402661,-5.96741137906
55,-40.0844560636,-8.11383070492,5.82093657438
56,-41.8281633711,-6.65071968143,1.81021926164
57,-32.8850155998,-13.3353917923,-6.95970001181
58,-38.3469380169,-1.79373070256,5.33696293086
59,-37.0923811955,-4.28091593773,1.75791017163
60,-30.3248002057,3.00374341827,-9.97491671967
61,-30.143301916,-3.94600183928,1.22509055698
62,-38.5127416423,-6.96580306265,3.79720523382
63,-29.1940558538,-10.8645313465,-1.00559292619
64,-33.5042899118,2.90760772222,2.32701950682
65,-35.0910488089,-2.78183770785,8.78662387629
66,-29.6978060949,-8.9511880975,-4.88124541794
67,-33.5643749553,-1.87850668887,-0.170143945431
68,-31.6895094623,14.2869133928,2.18115438624
69,-23.1024523727,-6.12323575237,-17.5326418466
70,-27.3472978284,14.7417608869,-4.29275365285
71,-31.3444401656,2.24371239427,5.42954346134
72,-26.3933563412,6.39603749426,-2.14471088078
73,-28.1418532169,10.5507348091,3.49534495395
74,-20.4010827103,4.55553657143,-15.1869354685
75,-35.9654441718,0.32273706006,13.1485289741
76,-29.3090320378,-8.66244838009,-11.008841005
77,-30.0376318212,-1.50091729985,2.92750271722
78,-35.5999392248,4.21632641607,-1.62175693035
79,-18.0462636758,3.43457662684,-10.136329285
80,-22.1747287157,14.6063285845,-6.47790787001
81,-21.897851948,-8.42179821623,-8.86127390485
82,-28.2266444446,-10.1732997995,-2.73425035096
83,-26.2961807644,0.827301046627,13.8929820847
84,-26.8422405211,-5.10994399284,1.43402178277
85,-21.2531947511,7.81583837853,-8.53480430321
86,-26.344354249,-6.60448593731,5.91627302879
87,-30.2110756288,4.9772299021,12.4214334884
88,-19.521889584,1.54323135254,-10.2452737598
89,-19.3127049875,7.90335632798,-12.5649345223
90,-14.4126300573,-9.71814159186,-6.82130150486
91,-21.8554194382,5.9974546619,0.111555033437
92,-27.0111529085,-4.11264038964,1.49423598888
93,-21.9888452324,-19.5707153632,0.734878655868
94,-20.009221641,10.6641579159,-7.85555783929
95,-20.7806715056,10.3726018617,8.3406826483
96,-17.7722625861,-11.3457744661,-8.5584382654
97,-20.9168138897,8.79821559375,-1.54759863347
98,-17.2120386261,-7.22882494413,-10.8404074733
99,-27.3726297324,3.60567467195,9.02113610523
100,-24.1099187426,12.0774191084,10.4404526974
101,-20.9974665047,-1.19628273617,3.48499847046
102,-10.0802289296,4.23713364967,-16.3199144605
103,-14.343719887,15.6050840689,-11.6031700458
104,-17.9370637796,-2.03765611166,8.58271836887
105,-9.69147917013,3.24326765479,-19.4945077743
106,-22.1413850882,-9.5599743663,8.54174382631
107,-20.2645351854,1.8401024229,4.16784449367
108,-6.34192861439,9.44770653721,-10.3404603545
109,-21.9246658874,-9.67847674715,5.57845082563
110,-5.2220030535,-15.9944074793,-6.04661765603
111,-16.6968061158,14.3147454608,4.80252080853
112,-4.53834148534,-8.74261313987,-13.011209259
113,-3.53409778375,-15.9831876497,-10.0030300705
114,-14.8870789275,0.647366160644,5.12760632408
115,-19.1632778321,-0.452102368727,18.5603165085
116,-15.2923027869,14.1424690547,-4.85248480436
117,-11.1484223967,3.23655938652,5.94593570912
118,-10.5418122912,-17.4744642306,-10.6433520018
119,-17.3182701591,0.833668544514,2.1720657454
120,-2.58726562841,-19.3861808972,-6.50292292252
121,0.679945370507,5.11896818782,-23.5925973225
122,-11.1937032692,-10.5490643856,10.7018211515
123,-17.4529399766,-0.00714038248932,5.53417064481
124,-1.224512499,23.201646056,-4.24660869735
125,-14.6488237955,-4.99826626544,14.0751805604
126,-3.60940246211,12.8830634465,-9.74987060365
127,-9.01064607226,11.1938144233,3.22415310075
128,-13.6149028202,-3.97243151598,-4.36901279456
129,-7.85776640415,5.1583669684,4.50526687336
130,-7.74813644961,-4.91931843677,4.96675861817
131,13.9858817369,-2.68275304347,-26.8430349006
132,-9.44151246852,4.16944508998,7.21493712587
133,-10.514250058,-3.86884910124,14.7329561148
134,-5.55412469766,17.6157809402,-0.756123502717
135,-4.7140011475,2.01194554876,0.543669517122
136,1.74823869482,-20.8745339417,-2.26166315373
137,5.7682815033,-19.6341732326,-8.16832157411
138,-5.64035206527,-1.72727775929,-5.81427800285
139,-13.7518465915,7.93976107938,12.1345192062
140,8.50318190016,17.0045182189,-13.4191045448
141,-2.80964950995,-5.41106966794,9.57478942534
142,-0.770180804663,-8.00180617474,18.1296139678
143,7.09739755588,-20.5922414736,-3.25581987659
144,-5.92719057291,-1.40835548339,21.1811046548
145,-0.828328026645,-3.70500756543,2.04378171953
146,10.5207558757,15.7443104777,-19.0446901694
147,12.4662787727,25.211013379,-0.370871146786
148,1.63702558768,-9.00309027107,-14.0986965479
149,-13.5332049113,1.33073116828,-1.10610515956
150,7.01872354413,2.48711512353,10.1049008616
151,14.3752366371,-18.9542843749,-13.6483935583
152,7.85973878171,-7.21527309286,2.15885442368
153,17.0352255251,13.6502112475,-5.89277558298
154,8.7827410942,-19.5193119536,-7.48448861889
155,-3.86345668702,-1.67084345835,0.443670423026
156,9.33966857675,-31.4556929407,-4.93290360826
157,2.95093272599,22.9767092665,1.13344996029
158,2.36726978711,11.7542230859,8.71314076184
159,1.53771445938,-2.32998413546,17.926291021
160,22.2833387159,-26.7070494164,-9.24332441919
161,-1.70189595493,6.26062435449,15.2865682143
162,4.46388122377,3.53425568645,8.44687891528
163,3.50165246988,-7.98135013933,16.1729323
164,8.29269828025,-3.23335819099,-8.58621653456
165,4.72233156906,7.72785888914,24.7909408202
166,2.3393712191,-0.319448584412,0.414333849858
167,29.7790153096,-4.13171194197,-22.6972118086
168,7.2011761208,19.7502360001,-6.50861049117
169,22.3728516551,-16.5556737527,-11.8665451755
170,22.0090688349,14.0467554967,-13.8047359552
171,-0.24670745292,-3.88262669927,9.26702697943
172,24.3852483467,25.3180833142,-17.0474591534
173,18.9244347506,-31.1567882264,6.91665705444
174,10.4116041416,-5.65077059389,6.79277486188
175,6.39929849177,19.0297986626,0.221460108789
176,10.9023012256,-4.48950347789,24.2700077726
177,15.0420100435,2.32810674866,13.7522782694
178,23.9811875352,21.2678915467,-11.6039569713
179,9.22845993951,-13.4942086151,-16.5304246626
180,9.42571501954,-19.0612151397,16.9809379234
181,5.91040489314,6.33528998583,17.6198913035
182,25.5395879192,29.5778388236,-18.8067873845
183,16.5771838707,-1.7254018104,15.4408617513
184,45.3478564813,1.13868710637,-27.4143528151
185,8.6117736845,14.7796067805,-8.36919202498
186,7.64775358425,-0.775760977314,-2.27020063833
187,16.7078345937,-8.72141809306,25.5935971682
188,29.112281523,22.7289992007,-5.94911805118
189,21.2732439492,-21.1547321343,-7.78483953846
190,12.7340891196,4.21074775336,-2.68124636931
191,29.8226765514,21.4961798684,-8.10356297101
192,8.96036630447,0.308500972731,9.93449157808
193,30.72203768,-37.0531270767,0.563729835614
194,14.0521424104,20.944608823,15.5725301034
195,23.3202829445,-17.230154368,-1.33650814986
196,33.5958050375,-22.3411367344,-8.49014047485
197,19.8974671866,12.1498866644,28.9660818385
198,19.029575565,0.979970304835,15.6011947458
199,41.4815233051,-11.2347778112,-38.7852632438
200,15.285940523,-1.48288519534,8.76176075291
201,22.883057,-15.2115226806,27.4566343234
202,34.9494781103,-33.054060171,-12.6193407803
203,17.5359829333,-8.50426432201,20.8678144696
204,36.8394767547,-34.6608409627,7.71901672039
205,31.9127559721,15.7944620476,-22.4463823566
206,11.585560662,-0.442056312915,12.3566067118
207,22.9494673059,2.18172512452,19.6835566804
208,36.088904837,-15.0312744364,-16.7522528242
209,45.4419244176,-11.0962888046,-26.2787116036
210,29.5507809705,5.1085601863,16.7587701611
211,29.5902370321,-17.5675335388,8.29481063198
212,45.0618641528,41.0712813907,3.990575012
213,49.5378427195,-9.6231428327,-30.0584947771
214,14.6125132249,-0.902471798192,8.84233568402
215,31.8827759847,-16.0720677168,-6.31312535208
216,22.4062434902,18.3469710596,15.0346267721
217,41.3310428315,25.9815403275,-11.963873228
218,40.0327604873,45.6586973438,-6.66446866363
219,16.8787310127,3.74037300517,11.3354693448
220,46.6410336558,31.2523142975,-8.85247904003
221,34.0648138622,8.69928337297,21.5719256712
222,26.4364359758,5.33337057074,17.1826578767
223,64.4086978238,-11.6308757636,-37.5265009306
224,18.9804844915,-11.0573274989,2.5158040739
225,34.9765479316,-41.259389056,0.695446661841
226,26.3567799421,-12.3015043903,23.182139933
227,31.5070551216,32.6935877624,7.19664613081
228,33.9244363079,-11.9816396689,-2.3958444099
229,45.7229953627,-19.3702286693,-3.15361936904
230,65.7634830245,4.90545595491,-41.0346476738
231,26.4369417669,10.0560942625,28.8108971641
232,40.3718724179,14.6969592824,0.743126498999
233,47.2736337365,-40.1041434055,9.70334582855
234,29.6164464967,2.22127142131,10.1587448108
235,30.7302354077,30.7268152997,-18.3591175184
236,33.4273122883,-1.53099487198,14.222544537
237,35.7427746641,5.90947994826,2.48599042138
238,32.3122008635,-24.2733251005,1.14160535708
239,52.8652236515,34.4274639605,5.51446322496
240,51.0244752168,38.4354042077,2.88323278321
241,64.5984826123,-7.62703824619,-32.716020626
242,43.1167398532,19.9011027054,-7.72987109332
243,29.8946068343,-21.2330327902,-2.3948484684
244,36.3617313556,9.25523694616,19.3626156768
245,25.4283308514,-8.05414260504,19.6173231545
246,42.7769214699,-7.63018542771,4.51544743291
247,53.2453196473,-39.1047779498,-17.6824708734
248,36.5782075622,-0.701592754955,35.7353577264
249,59.991541198,-28.2845052027,1.73489013205
250,62.919586312,45.7341527632,-9.44849527842
251,23.6859547274,-2.08007295242,20.1048458782
252,41.3069318844,29.0052178782,7.24099832847
253,35.3225794396,-11.9133213829,27.7983878783
254,46.5580379664,-2.2293595487,16.9544100933
255,48.9748836166,14.1775805235,10.9707749449
256,50.1566401076,24.3688693179,-17.9067388054
257,53.6920954967,-36.590325886,3.97059170785
258,37.0891851563,8.04297247422,34.0568297955
259,78.5096737932,-4.31302499832,-26.5645900137
260,52.9592832852,26.5581148142,-1.82605922882
261,27.7107541832,6.69629538411,11.4163014483
262,47.2430272759,-8.69772826306,29.1262689136
263,38.669590485,-2.97287666418,11.2402893943
264,46.8538211721,18.1140758652,9.32700656578
265,52.9587753034,-40.2901648876,6.6794399476
266,62.3897326596,10.3602835035,-33.2868438086
267,67.5556808205,-38.9954267828,-17.0991620921
268,65.0297154701,25.6425421876,-13.1338204731
269,56.9451885863,-4.39604633502,24.914083995
270,58.0774032287,6.90438843683,-11.2861791556
271,50.8209176303,-3.71080030205,43.5293393005
272,67.5403304622,27.6853359042,-5.91832688484
273,65.7249767854,8.57581208579,37.1107613892
274,49.773414873,-0.504424585304,23.7079947385
275,57.9104042786,33.8830698746,8.81008252165
276,69.2704205903,-39.845469758,-21.3236799263
277,41.1575001836,-11.7041651768,31.0761339892
278,67.8945662724,-18.7444500166,-12.284001323
279,53.3425583204,7.254920504,23.3677348256
280,87.8497439067,-2.26277223157,-30.8080319036
281,32.7749011094,-29.4045737271,-7.68188883356
282,58.3561758721,27.3120741881,-23.1111664374
